v27_1<-c(3,5,7)
v27_2<-c(2,3)


v27<-rep(v27_1)*rep((v27_2),times=3)
v27

v27[2:5]<-c(-1,-150)
v27
